N=1000
n_iter=500
n_runs=100
K=19
alpha=1.0
sig_scale=0.03
mu=[[26.66666667 26.66666667]
 [26.66666667 13.33333333]
 [13.33333333 26.66666667]
 [13.33333333 13.33333333]
 [13.33333333  8.88888889]
 [ 8.88888889 13.33333333]
 [ 8.88888889  8.88888889]
 [ 8.88888889  6.66666667]
 [ 6.66666667  8.88888889]
 [ 6.66666667  6.66666667]
 [ 6.66666667  5.33333333]
 [ 5.33333333  6.66666667]
 [ 5.33333333  5.33333333]
 [ 5.33333333  4.44444444]
 [ 4.44444444  5.33333333]
 [ 4.44444444  4.44444444]
 [ 4.44444444  3.80952381]
 [ 3.80952381  4.44444444]
 [ 3.80952381  3.80952381]]