N=1000
n_iter=500
n_runs=100
K=25
alpha=1.0
sig_scale=0.02
mu=[[0.         0.        ]
 [0.         0.66666667]
 [0.         1.33333333]
 [0.         2.        ]
 [0.         2.66666667]
 [0.66666667 0.        ]
 [0.66666667 0.66666667]
 [0.66666667 1.33333333]
 [0.66666667 2.        ]
 [0.66666667 2.66666667]
 [1.33333333 0.        ]
 [1.33333333 0.66666667]
 [1.33333333 1.33333333]
 [1.33333333 2.        ]
 [1.33333333 2.66666667]
 [2.         0.        ]
 [2.         0.66666667]
 [2.         1.33333333]
 [2.         2.        ]
 [2.         2.66666667]
 [2.66666667 0.        ]
 [2.66666667 0.66666667]
 [2.66666667 1.33333333]
 [2.66666667 2.        ]
 [2.66666667 2.66666667]]