N=1000
n_iter=500
n_runs=25
K=64
alpha=1.0
sig_scale=0.02
mu=[[0.         0.        ]
 [0.         0.66666667]
 [0.         1.33333333]
 [0.         2.        ]
 [0.         2.66666667]
 [0.         3.33333333]
 [0.         4.        ]
 [0.         4.66666667]
 [0.66666667 0.        ]
 [0.66666667 0.66666667]
 [0.66666667 1.33333333]
 [0.66666667 2.        ]
 [0.66666667 2.66666667]
 [0.66666667 3.33333333]
 [0.66666667 4.        ]
 [0.66666667 4.66666667]
 [1.33333333 0.        ]
 [1.33333333 0.66666667]
 [1.33333333 1.33333333]
 [1.33333333 2.        ]
 [1.33333333 2.66666667]
 [1.33333333 3.33333333]
 [1.33333333 4.        ]
 [1.33333333 4.66666667]
 [2.         0.        ]
 [2.         0.66666667]
 [2.         1.33333333]
 [2.         2.        ]
 [2.         2.66666667]
 [2.         3.33333333]
 [2.         4.        ]
 [2.         4.66666667]
 [2.66666667 0.        ]
 [2.66666667 0.66666667]
 [2.66666667 1.33333333]
 [2.66666667 2.        ]
 [2.66666667 2.66666667]
 [2.66666667 3.33333333]
 [2.66666667 4.        ]
 [2.66666667 4.66666667]
 [3.33333333 0.        ]
 [3.33333333 0.66666667]
 [3.33333333 1.33333333]
 [3.33333333 2.        ]
 [3.33333333 2.66666667]
 [3.33333333 3.33333333]
 [3.33333333 4.        ]
 [3.33333333 4.66666667]
 [4.         0.        ]
 [4.         0.66666667]
 [4.         1.33333333]
 [4.         2.        ]
 [4.         2.66666667]
 [4.         3.33333333]
 [4.         4.        ]
 [4.         4.66666667]
 [4.66666667 0.        ]
 [4.66666667 0.66666667]
 [4.66666667 1.33333333]
 [4.66666667 2.        ]
 [4.66666667 2.66666667]
 [4.66666667 3.33333333]
 [4.66666667 4.        ]
 [4.66666667 4.66666667]]