r	run	AdjMI	AdjRand	NVI	Vmeas	Fowlkes	NMI	varK
1.0	0	0.006744958649892184	0.004828344696591908	0.10667376822595344	0.010182219220269649	0.7281359300079132	0.010182219220269649	0.0
1.0	1	0.006744958649892184	0.004828344696591908	0.10667376822595344	0.010182219220269649	0.7281359300079132	0.010182219220269649	0.0
1.0	2	0.006744958649892184	0.004828344696591908	0.10667376822595344	0.010182219220269649	0.7281359300079132	0.010182219220269649	0.0
1.0	3	0.006744958649892184	0.004828344696591908	0.10667376822595344	0.010182219220269649	0.7281359300079132	0.010182219220269649	0.0
1.0	4	0.006744958649892184	0.004828344696591908	0.10667376822595344	0.010182219220269649	0.7281359300079132	0.010182219220269649	0.0
1.0	5	0.4126340149782463	0.4720632602623283	0.11207947787522672	0.41348921609978817	0.7803313886553586	0.41348921609978817	0.0
1.0	6	0.4166879143422209	0.4771712687978864	0.11149073869813252	0.41753578479603987	0.7819983698185492	0.4175357847960398	0.0
1.0	7	0.4331363384593268	0.49782290323739853	0.10905034607144147	0.4339549098519702	0.7888676605153101	0.4339549098519702	0.0
1.0	8	0.006744958649892184	0.004828344696591908	0.10667376822595344	0.010182219220269649	0.7281359300079132	0.010182219220269649	0.0
1.0	9	0.006744958649892184	0.004828344696591908	0.10667376822595344	0.010182219220269649	0.7281359300079132	0.010182219220269649	0.0
1.0	10	0.006744958649892184	0.004828344696591908	0.10667376822595344	0.010182219220269649	0.7281359300079132	0.010182219220269649	0.0
1.0	11	0.006744958649892184	0.004828344696591908	0.10667376822595344	0.010182219220269649	0.7281359300079132	0.010182219220269649	0.0
1.0	12	0.006744958649892184	0.004828344696591908	0.10667376822595344	0.010182219220269649	0.7281359300079132	0.010182219220269649	0.0
1.0	13	0.006744958649892184	0.004828344696591908	0.10667376822595344	0.010182219220269649	0.7281359300079132	0.010182219220269649	0.0
1.0	14	0.006744958649892184	0.004828344696591908	0.10667376822595344	0.010182219220269649	0.7281359300079132	0.010182219220269649	0.0
1.0	15	0.006744958649892184	0.004828344696591908	0.10667376822595344	0.010182219220269649	0.7281359300079132	0.010182219220269649	0.0
1.0	16	0.006744958649892184	0.004828344696591908	0.10667376822595344	0.010182219220269649	0.7281359300079132	0.010182219220269649	0.0
1.0	17	0.4126340149782462	0.4720632602623283	0.11207947787522672	0.413489216099788	0.7803313886553586	0.41348921609978806	0.0
1.0	18	0.006744958649892184	0.004828344696591908	0.10667376822595344	0.010182219220269649	0.7281359300079132	0.010182219220269649	0.0
1.0	19	0.006744958649892184	0.004828344696591908	0.10667376822595344	0.010182219220269649	0.7281359300079132	0.010182219220269649	0.0
1.0	20	0.006744958649892184	0.004828344696591908	0.10667376822595344	0.010182219220269649	0.7281359300079132	0.010182219220269649	0.0
1.0	21	0.006744958649892184	0.004828344696591908	0.10667376822595344	0.010182219220269649	0.7281359300079132	0.010182219220269649	0.0
1.0	22	0.006744958649892184	0.004828344696591908	0.10667376822595344	0.010182219220269649	0.7281359300079132	0.010182219220269649	0.0
1.0	23	0.4331363384593268	0.49782290323739853	0.10905034607144147	0.4339549098519702	0.7888676605153101	0.4339549098519702	0.0
1.0	24	0.006744958649892184	0.004828344696591908	0.10667376822595344	0.010182219220269649	0.7281359300079132	0.010182219220269649	0.0
1.0	25	0.006744958649892184	0.004828344696591908	0.10667376822595344	0.010182219220269649	0.7281359300079132	0.010182219220269649	0.0
1.0	26	0.006744958649892184	0.004828344696591908	0.10667376822595344	0.010182219220269649	0.7281359300079132	0.010182219220269649	0.0
1.0	27	0.006744958649892184	0.004828344696591908	0.10667376822595344	0.010182219220269649	0.7281359300079132	0.010182219220269649	0.0
1.0	28	0.006744958649892184	0.004828344696591908	0.10667376822595344	0.010182219220269649	0.7281359300079132	0.010182219220269649	0.0
1.0	29	0.006744958649892184	0.004828344696591908	0.10667376822595344	0.010182219220269649	0.7281359300079132	0.010182219220269649	0.0
1.0	30	0.006744958649892184	0.004828344696591908	0.10667376822595344	0.010182219220269649	0.7281359300079132	0.010182219220269649	0.0
1.0	31	0.006744958649892184	0.004828344696591908	0.10667376822595344	0.010182219220269649	0.7281359300079132	0.010182219220269649	0.0
1.0	32	0.42076463534185027	0.4823012280646396	0.11089352625326995	0.4216051785408829	0.783685467007212	0.4216051785408829	0.0
1.0	33	0.006744958649892184	0.004828344696591908	0.10667376822595344	0.010182219220269649	0.7281359300079132	0.010182219220269649	0.0
1.0	34	0.006744958649892184	0.004828344696591908	0.10667376822595344	0.010182219220269649	0.7281359300079132	0.010182219220269649	0.0
1.0	35	0.006744958649892184	0.004828344696591908	0.10667376822595344	0.010182219220269649	0.7281359300079132	0.010182219220269649	0.0
1.0	36	0.006744958649892184	0.004828344696591908	0.10667376822595344	0.010182219220269649	0.7281359300079132	0.010182219220269649	0.0
1.0	37	0.006744958649892184	0.004828344696591908	0.10667376822595344	0.010182219220269649	0.7281359300079132	0.010182219220269649	0.0
1.0	38	0.006744958649892184	0.004828344696591908	0.10667376822595344	0.010182219220269649	0.7281359300079132	0.010182219220269649	0.0
1.0	39	0.006744958649892184	0.004828344696591908	0.10667376822595344	0.010182219220269649	0.7281359300079132	0.010182219220269649	0.0
1.0	40	0.006744958649892184	0.004828344696591908	0.10667376822595344	0.010182219220269649	0.7281359300079132	0.010182219220269649	0.0
1.0	41	0.006744958649892184	0.004828344696591908	0.10667376822595344	0.010182219220269649	0.7281359300079132	0.010182219220269649	0.0
1.0	42	0.006744958649892184	0.004828344696591908	0.10667376822595344	0.010182219220269649	0.7281359300079132	0.010182219220269649	0.0
1.0	43	0.006744958649892184	0.004828344696591908	0.10667376822595344	0.010182219220269649	0.7281359300079132	0.010182219220269649	0.0
1.0	44	0.006744958649892184	0.004828344696591908	0.10667376822595344	0.010182219220269649	0.7281359300079132	0.010182219220269649	0.0
1.0	45	0.006744958649892184	0.004828344696591908	0.10667376822595344	0.010182219220269649	0.7281359300079132	0.010182219220269649	0.0
1.0	46	0.006744958649892184	0.004828344696591908	0.10667376822595344	0.010182219220269649	0.7281359300079132	0.010182219220269649	0.0
1.0	47	0.006744958649892184	0.004828344696591908	0.10667376822595344	0.010182219220269649	0.7281359300079132	0.010182219220269649	0.0
1.0	48	0.006744958649892184	0.004828344696591908	0.10667376822595344	0.010182219220269649	0.7281359300079132	0.010182219220269649	0.0
1.0	49	0.006744958649892184	0.004828344696591908	0.10667376822595344	0.010182219220269649	0.7281359300079132	0.010182219220269649	0.0
1.0	50	0.006744958649892184	0.004828344696591908	0.10667376822595344	0.010182219220269649	0.7281359300079132	0.010182219220269649	0.0
1.0	51	0.006744958649892184	0.004828344696591908	0.10667376822595344	0.010182219220269649	0.7281359300079132	0.010182219220269649	0.0
1.0	52	0.006744958649892184	0.004828344696591908	0.10667376822595344	0.010182219220269649	0.7281359300079132	0.010182219220269649	0.0
1.0	53	0.4248646338360621	0.4874531472604956	0.11028777147775058	0.42569785214361316	0.7853927013295128	0.42569785214361316	0.0
1.0	54	0.006744958649892184	0.004828344696591908	0.10667376822595344	0.010182219220269649	0.7281359300079132	0.010182219220269649	0.0
1.0	55	0.006744958649892184	0.004828344696591908	0.10667376822595344	0.010182219220269649	0.7281359300079132	0.010182219220269649	0.0
1.0	56	0.006744958649892184	0.004828344696591908	0.10667376822595344	0.010182219220269649	0.7281359300079132	0.010182219220269649	0.0
1.0	57	0.006744958649892184	0.004828344696591908	0.10667376822595344	0.010182219220269649	0.7281359300079132	0.010182219220269649	0.0
1.0	58	0.006744958649892184	0.004828344696591908	0.10667376822595344	0.010182219220269649	0.7281359300079132	0.010182219220269649	0.0
1.0	59	0.006744958649892184	0.004828344696591908	0.10667376822595344	0.010182219220269649	0.7281359300079132	0.010182219220269649	0.0
1.0	60	0.006744958649892184	0.004828344696591908	0.10667376822595344	0.010182219220269649	0.7281359300079132	0.010182219220269649	0.0
1.0	61	0.42076463534185027	0.4823012280646396	0.11089352625326995	0.4216051785408829	0.783685467007212	0.4216051785408829	0.0
1.0	62	0.006744958649892184	0.004828344696591908	0.10667376822595344	0.010182219220269649	0.7281359300079132	0.010182219220269649	0.0
1.0	63	0.006744958649892184	0.004828344696591908	0.10667376822595344	0.010182219220269649	0.7281359300079132	0.010182219220269649	0.0
1.0	64	0.4166879143422209	0.4771712687978864	0.11149073869813252	0.41753578479603987	0.7819983698185492	0.4175357847960398	0.0
1.0	65	0.006744958649892184	0.004828344696591908	0.10667376822595344	0.010182219220269649	0.7281359300079132	0.010182219220269649	0.0
1.0	66	0.006744958649892184	0.004828344696591908	0.10667376822595344	0.010182219220269649	0.7281359300079132	0.010182219220269649	0.0
1.0	67	0.006744958649892184	0.004828344696591908	0.10667376822595344	0.010182219220269649	0.7281359300079132	0.010182219220269649	0.0
1.0	68	0.4248646338360621	0.4874531472604956	0.1102877714777506	0.42569785214361316	0.7853927013295128	0.42569785214361316	0.0
1.0	69	0.006744958649892184	0.004828344696591908	0.10667376822595344	0.010182219220269649	0.7281359300079132	0.010182219220269649	0.0
1.0	70	0.006744958649892184	0.004828344696591908	0.10667376822595344	0.010182219220269649	0.7281359300079132	0.010182219220269649	0.0
1.0	71	0.006744958649892184	0.004828344696591908	0.10667376822595344	0.010182219220269649	0.7281359300079132	0.010182219220269649	0.0
1.0	72	0.006744958649892184	0.004828344696591908	0.10667376822595344	0.010182219220269649	0.7281359300079132	0.010182219220269649	0.0
1.0	73	0.006744958649892184	0.004828344696591908	0.10667376822595344	0.010182219220269649	0.7281359300079132	0.010182219220269649	0.0
1.0	74	0.006744958649892184	0.004828344696591908	0.10667376822595344	0.010182219220269649	0.7281359300079132	0.010182219220269649	0.0
1.0	75	0.006744958649892184	0.004828344696591908	0.10667376822595344	0.010182219220269649	0.7281359300079132	0.010182219220269649	0.0
1.0	76	0.006744958649892184	0.004828344696591908	0.10667376822595344	0.010182219220269649	0.7281359300079132	0.010182219220269649	0.0
1.0	77	0.006744958649892184	0.004828344696591908	0.10667376822595344	0.010182219220269649	0.7281359300079132	0.010182219220269649	0.0
1.0	78	0.006744958649892184	0.004828344696591908	0.10667376822595344	0.010182219220269649	0.7281359300079132	0.010182219220269649	0.0
1.0	79	0.006744958649892184	0.004828344696591908	0.10667376822595344	0.010182219220269649	0.7281359300079132	0.010182219220269649	0.0
1.0	80	0.4248646338360621	0.4874531472604956	0.1102877714777506	0.42569785214361316	0.7853927013295128	0.42569785214361316	0.0
1.0	81	0.006744958649892184	0.004828344696591908	0.10667376822595344	0.010182219220269649	0.7281359300079132	0.010182219220269649	0.0
1.0	82	0.006744958649892184	0.004828344696591908	0.10667376822595344	0.010182219220269649	0.7281359300079132	0.010182219220269649	0.0
1.0	83	0.4241366019726939	0.4928571684247828	0.11095656574354607	0.4249668402427827	0.7862806964172689	0.42496684024278264	0.0
1.0	84	0.006744958649892184	0.004828344696591908	0.10667376822595344	0.010182219220269649	0.7281359300079132	0.010182219220269649	0.0
1.0	85	0.006744958649892184	0.004828344696591908	0.10667376822595344	0.010182219220269649	0.7281359300079132	0.010182219220269649	0.0
1.0	86	0.006744958649892184	0.004828344696591908	0.10667376822595344	0.010182219220269649	0.7281359300079132	0.010182219220269649	0.0
1.0	87	0.006744958649892184	0.004828344696591908	0.10667376822595344	0.010182219220269649	0.7281359300079132	0.010182219220269649	0.0
1.0	88	0.42076463534185027	0.4823012280646396	0.11089352625326995	0.4216051785408829	0.783685467007212	0.4216051785408829	0.0
1.0	89	0.006744958649892184	0.004828344696591908	0.10667376822595344	0.010182219220269649	0.7281359300079132	0.010182219220269649	0.0
1.0	90	0.006744958649892184	0.004828344696591908	0.10667376822595344	0.010182219220269649	0.7281359300079132	0.010182219220269649	0.0
1.0	91	0.41144360250518097	0.48277415610579516	0.11340223538451387	0.41229214062547065	0.7819689802114964	0.4122921406254707	0.0
1.0	92	0.006744958649892184	0.004828344696591908	0.10667376822595344	0.010182219220269649	0.7281359300079132	0.010182219220269649	0.0
1.0	93	0.006744958649892184	0.004828344696591908	0.10667376822595344	0.010182219220269649	0.7281359300079132	0.010182219220269649	0.0
1.0	94	0.006744958649892184	0.004828344696591908	0.10667376822595344	0.010182219220269649	0.7281359300079132	0.010182219220269649	0.0
1.0	95	0.42076463534185027	0.4823012280646396	0.11089352625326995	0.4216051785408829	0.783685467007212	0.4216051785408829	0.0
1.0	96	0.006744958649892184	0.004828344696591908	0.10667376822595344	0.010182219220269649	0.7281359300079132	0.010182219220269649	0.0
1.0	97	0.006744958649892184	0.004828344696591908	0.10667376822595344	0.010182219220269649	0.7281359300079132	0.010182219220269649	0.0
1.0	98	0.006744958649892184	0.004828344696591908	0.10667376822595344	0.010182219220269649	0.7281359300079132	0.010182219220269649	0.0
1.0	99	0.42076463534185027	0.4823012280646396	0.11089352625326995	0.4216051785408829	0.783685467007212	0.4216051785408829	0.0
0.8	0	0.006744958649892184	0.004828344696591908	0.10667376822595344	0.010182219220269649	0.7281359300079132	0.010182219220269649	0.0
0.8	1	0.006744958649892184	0.004828344696591908	0.10667376822595344	0.010182219220269649	0.7281359300079132	0.010182219220269649	0.0
0.8	2	0.4158921356622455	0.4825394479691516	0.11218877932893982	0.41673697241126995	0.7828205306847352	0.4167369724112699	0.0
0.8	3	0.4248646338360621	0.4874531472604956	0.1102877714777506	0.42569785214361316	0.7853927013295128	0.42569785214361316	0.0
0.8	4	0.006744958649892184	0.004828344696591908	0.10667376822595344	0.010182219220269649	0.7281359300079132	0.010182219220269649	0.0
0.8	5	0.4248646338360621	0.4874531472604956	0.11028777147775058	0.42569785214361316	0.7853927013295128	0.42569785214361316	0.0
0.8	6	0.006744958649892184	0.004828344696591908	0.10667376822595344	0.010182219220269649	0.7281359300079132	0.010182219220269649	0.0
0.8	7	0.006744958649892184	0.004828344696591908	0.10667376822595344	0.010182219220269649	0.7281359300079132	0.010182219220269649	0.0
0.8	8	0.006744958649892184	0.004828344696591908	0.10667376822595344	0.010182219220269649	0.7281359300079132	0.010182219220269649	0.0
0.8	9	0.42076463534185027	0.4823012280646396	0.11089352625326995	0.4216051785408829	0.783685467007212	0.4216051785408829	0.0
0.8	10	0.006744958649892184	0.004828344696591908	0.10667376822595344	0.010182219220269649	0.7281359300079132	0.010182219220269649	0.0
0.8	11	0.42076463534185027	0.4823012280646396	0.11089352625326995	0.4216051785408829	0.783685467007212	0.4216051785408829	0.0
0.8	12	0.420002210684197	0.48768731101045765	0.11157702272475108	0.42083974822689285	0.7845405383268294	0.4208397482268929	0.0
0.8	13	0.006744958649892184	0.004828344696591908	0.10667376822595344	0.010182219220269649	0.7281359300079132	0.010182219220269649	0.0
0.8	14	0.42076463534185027	0.4823012280646396	0.11089352625326995	0.4216051785408829	0.783685467007212	0.4216051785408829	0.0
0.8	15	0.4166879143422209	0.4771712687978864	0.11149073869813252	0.41753578479603987	0.7819983698185492	0.4175357847960398	0.0
0.8	16	0.42076463534185027	0.4823012280646396	0.11089352625326995	0.4216051785408829	0.783685467007212	0.4216051785408829	0.0
0.8	17	0.006744958649892184	0.004828344696591908	0.10667376822595344	0.010182219220269649	0.7281359300079132	0.010182219220269649	0.0
0.8	18	0.006744958649892184	0.004828344696591908	0.10667376822595344	0.010182219220269649	0.7281359300079132	0.010182219220269649	0.0
0.8	19	0.4158921356622455	0.4825394479691516	0.11218877932893982	0.41673697241126995	0.7828205306847352	0.4167369724112699	0.0
0.8	20	0.006744958649892184	0.004828344696591908	0.10667376822595344	0.010182219220269649	0.7281359300079132	0.010182219220269649	0.0
0.8	21	0.006744958649892184	0.004828344696591908	0.10667376822595344	0.010182219220269649	0.7281359300079132	0.010182219220269649	0.0
0.8	22	0.006744958649892184	0.004828344696591908	0.10667376822595344	0.010182219220269649	0.7281359300079132	0.010182219220269649	0.0
0.8	23	0.420002210684197	0.48768731101045765	0.11157702272475108	0.42083974822689285	0.7845405383268294	0.4208397482268929	0.0
0.8	24	0.006744958649892184	0.004828344696591908	0.10667376822595344	0.010182219220269649	0.7281359300079132	0.010182219220269649	0.0
0.8	25	0.006744958649892184	0.004828344696591908	0.10667376822595344	0.010182219220269649	0.7281359300079132	0.010182219220269649	0.0
0.8	26	0.006744958649892184	0.004828344696591908	0.10667376822595344	0.010182219220269649	0.7281359300079132	0.010182219220269649	0.0
0.8	27	0.006744958649892184	0.004828344696591908	0.10667376822595344	0.010182219220269649	0.7281359300079132	0.010182219220269649	0.0
0.8	28	0.4248646338360621	0.4874531472604956	0.1102877714777506	0.42569785214361316	0.7853927013295128	0.42569785214361316	0.0
0.8	29	0.006744958649892184	0.004828344696591908	0.10667376822595344	0.010182219220269649	0.7281359300079132	0.010182219220269649	0.0
0.8	30	0.006744958649892184	0.004828344696591908	0.10667376822595344	0.010182219220269649	0.7281359300079132	0.010182219220269649	0.0
0.8	31	0.4166879143422209	0.4771712687978864	0.11149073869813252	0.41753578479603987	0.7819983698185492	0.4175357847960398	0.0
0.8	32	0.006744958649892184	0.004828344696591908	0.10667376822595344	0.010182219220269649	0.7281359300079132	0.010182219220269649	0.0
0.8	33	0.4166879143422209	0.4771712687978864	0.11149073869813252	0.41753578479603987	0.7819983698185492	0.4175357847960398	0.0
0.8	34	0.006744958649892184	0.004828344696591908	0.10667376822595344	0.010182219220269649	0.7281359300079132	0.010182219220269649	0.0
0.8	35	0.4126340149782462	0.4720632602623283	0.11207947787522672	0.413489216099788	0.7803313886553586	0.41348921609978806	0.0
0.8	36	0.006744958649892184	0.004828344696591908	0.10667376822595344	0.010182219220269649	0.7281359300079132	0.010182219220269649	0.0
0.8	37	0.006744958649892184	0.004828344696591908	0.10667376822595344	0.010182219220269649	0.7281359300079132	0.010182219220269649	0.0
0.8	38	0.006744958649892184	0.004828344696591908	0.10667376822595344	0.010182219220269649	0.7281359300079132	0.010182219220269649	0.0
0.8	39	0.006744958649892184	0.004828344696591908	0.10667376822595344	0.010182219220269649	0.7281359300079132	0.010182219220269649	0.0
0.8	40	0.006744958649892184	0.004828344696591908	0.10667376822595344	0.010182219220269649	0.7281359300079132	0.010182219220269649	0.0
0.8	41	0.42206785839858496	0.4769254078151608	0.11009469019341858	0.42291075579618487	0.7828895211643301	0.4229107557961849	0.0
0.8	42	0.006744958649892184	0.004828344696591908	0.10667376822595344	0.010182219220269649	0.7281359300079132	0.010182219220269649	0.0
0.8	43	0.006744958649892184	0.004828344696591908	0.10667376822595344	0.010182219220269649	0.7281359300079132	0.010182219220269649	0.0
0.8	44	0.006744958649892184	0.004828344696591908	0.10667376822595344	0.010182219220269649	0.7281359300079132	0.010182219220269649	0.0
0.8	45	0.006744958649892184	0.004828344696591908	0.10667376822595344	0.010182219220269649	0.7281359300079132	0.010182219220269649	0.0
0.8	46	0.42076463534185027	0.4823012280646396	0.11089352625326995	0.4216051785408829	0.783685467007212	0.4216051785408829	0.0
0.8	47	0.006744958649892184	0.004828344696591908	0.10667376822595344	0.010182219220269649	0.7281359300079132	0.010182219220269649	0.0
0.8	48	0.006744958649892184	0.004828344696591908	0.10667376822595344	0.010182219220269649	0.7281359300079132	0.010182219220269649	0.0
0.8	49	0.4158921356622455	0.4825394479691516	0.11218877932893982	0.41673697241126995	0.7828205306847352	0.4167369724112699	0.0
0.8	50	0.4248646338360621	0.4874531472604956	0.1102877714777506	0.42569785214361316	0.7853927013295128	0.42569785214361316	0.0
0.8	51	0.4261348501363712	0.4820594869841223	0.10950328757141446	0.42697039412817905	0.7845638029090122	0.426970394128179	0.0
0.8	52	0.006744958649892184	0.004828344696591908	0.10667376822595344	0.010182219220269649	0.7281359300079132	0.010182219220269649	0.0
0.8	53	0.006744958649892184	0.004828344696591908	0.10667376822595344	0.010182219220269649	0.7281359300079132	0.010182219220269649	0.0
0.8	54	0.006744958649892184	0.004828344696591908	0.10667376822595344	0.010182219220269649	0.7281359300079132	0.010182219220269649	0.0
0.8	55	0.4166879143422209	0.4771712687978864	0.11149073869813252	0.41753578479603987	0.7819983698185492	0.4175357847960398	0.0
0.8	56	0.006744958649892184	0.004828344696591908	0.10667376822595344	0.010182219220269649	0.7281359300079132	0.010182219220269649	0.0
0.8	57	0.006744958649892184	0.004828344696591908	0.10667376822595344	0.010182219220269649	0.7281359300079132	0.010182219220269649	0.0
0.8	58	0.4248646338360621	0.4874531472604956	0.11028777147775058	0.42569785214361316	0.7853927013295128	0.42569785214361316	0.0
0.8	59	0.006744958649892184	0.004828344696591908	0.10667376822595344	0.010182219220269649	0.7281359300079132	0.010182219220269649	0.0
0.8	60	0.420002210684197	0.48768731101045765	0.11157702272475108	0.42083974822689285	0.7845405383268294	0.4208397482268929	0.0
0.8	61	0.4248646338360621	0.4874531472604956	0.1102877714777506	0.42569785214361316	0.7853927013295128	0.42569785214361316	0.0
0.8	62	0.42076463534185027	0.4823012280646396	0.11089352625326995	0.4216051785408829	0.783685467007212	0.4216051785408829	0.0
0.8	63	0.42076463534185027	0.4823012280646396	0.11089352625326995	0.4216051785408829	0.783685467007212	0.4216051785408829	0.0
0.8	64	0.4126340149782463	0.4720632602623283	0.11207947787522672	0.41348921609978817	0.7803313886553586	0.41348921609978817	0.0
0.8	65	0.006744958649892184	0.004828344696591908	0.10667376822595344	0.010182219220269649	0.7281359300079132	0.010182219220269649	0.0
0.8	66	0.006744958649892184	0.004828344696591908	0.10667376822595344	0.010182219220269649	0.7281359300079132	0.010182219220269649	0.0
0.8	67	0.4248646338360621	0.4874531472604956	0.1102877714777506	0.42569785214361316	0.7853927013295128	0.42569785214361316	0.0
0.8	68	0.006744958649892184	0.004828344696591908	0.10667376822595344	0.010182219220269649	0.7281359300079132	0.010182219220269649	0.0
0.8	69	0.006744958649892184	0.004828344696591908	0.10667376822595344	0.010182219220269649	0.7281359300079132	0.010182219220269649	0.0
0.8	70	0.006744958649892184	0.004828344696591908	0.10667376822595344	0.010182219220269649	0.7281359300079132	0.010182219220269649	0.0
0.8	71	0.4166879143422209	0.4771712687978864	0.11149073869813252	0.41753578479603987	0.7819983698185492	0.4175357847960398	0.0
0.8	72	0.006744958649892184	0.004828344696591908	0.10667376822595344	0.010182219220269649	0.7281359300079132	0.010182219220269649	0.0
0.8	73	0.006744958649892184	0.004828344696591908	0.10667376822595344	0.010182219220269649	0.7281359300079132	0.010182219220269649	0.0
0.8	74	0.44263470931353827	0.5028152479174678	0.1070523706667241	0.44344086637621793	0.7914625433916506	0.44344086637621793	0.0
0.8	75	0.4261348501363712	0.4820594869841223	0.10950328757141446	0.42697039412817905	0.7845638029090122	0.426970394128179	0.0
0.8	76	0.006744958649892184	0.004828344696591908	0.10667376822595344	0.010182219220269649	0.7281359300079132	0.010182219220269649	0.0
0.8	77	0.006744958649892184	0.004828344696591908	0.10667376822595344	0.010182219220269649	0.7281359300079132	0.010182219220269649	0.0
0.8	78	0.4248646338360621	0.4874531472604956	0.1102877714777506	0.42569785214361316	0.7853927013295128	0.42569785214361316	0.0
0.8	79	0.4289883759420244	0.492627035784629	0.10967340280263223	0.42981427066725847	0.7871200928379276	0.4298142706672585	0.0
0.8	80	0.42076463534185027	0.4823012280646396	0.11089352625326995	0.4216051785408829	0.783685467007212	0.4216051785408829	0.0
0.8	81	0.006744958649892184	0.004828344696591908	0.10667376822595344	0.010182219220269649	0.7281359300079132	0.010182219220269649	0.0
0.8	82	0.006744958649892184	0.004828344696591908	0.10667376822595344	0.010182219220269649	0.7281359300079132	0.010182219220269649	0.0
0.8	83	0.42076463534185027	0.4823012280646396	0.11089352625326995	0.4216051785408829	0.783685467007212	0.4216051785408829	0.0
0.8	84	0.4158921356622455	0.4825394479691516	0.11218877932893982	0.41673697241126995	0.7828205306847352	0.4167369724112699	0.0
0.8	85	0.006744958649892184	0.004828344696591908	0.10667376822595344	0.010182219220269649	0.7281359300079132	0.010182219220269649	0.0
0.8	86	0.006744958649892184	0.004828344696591908	0.10667376822595344	0.010182219220269649	0.7281359300079132	0.010182219220269649	0.0
0.8	87	0.006744958649892184	0.004828344696591908	0.10667376822595344	0.010182219220269649	0.7281359300079132	0.010182219220269649	0.0
0.8	88	0.006744958649892184	0.004828344696591908	0.10667376822595344	0.010182219220269649	0.7281359300079132	0.010182219220269649	0.0
0.8	89	0.4248646338360621	0.4874531472604956	0.1102877714777506	0.42569785214361316	0.7853927013295128	0.42569785214361316	0.0
0.8	90	0.42076463534185027	0.4823012280646396	0.11089352625326995	0.4216051785408829	0.783685467007212	0.4216051785408829	0.0
0.8	91	0.006744958649892184	0.004828344696591908	0.10667376822595344	0.010182219220269649	0.7281359300079132	0.010182219220269649	0.0
0.8	92	0.4241366019726939	0.4928571684247828	0.11095656574354607	0.4249668402427827	0.7862806964172689	0.42496684024278264	0.0
0.8	93	0.006744958649892184	0.004828344696591908	0.10667376822595344	0.010182219220269649	0.7281359300079132	0.010182219220269649	0.0
0.8	94	0.4166879143422209	0.4771712687978864	0.11149073869813252	0.41753578479603987	0.7819983698185492	0.4175357847960398	0.0
0.8	95	0.006744958649892184	0.004828344696591908	0.10667376822595344	0.010182219220269649	0.7281359300079132	0.010182219220269649	0.0
0.8	96	0.42076463534185027	0.4823012280646396	0.11089352625326995	0.4216051785408829	0.783685467007212	0.4216051785408829	0.0
0.8	97	0.41144360250518097	0.48277415610579516	0.11340223538451387	0.41229214062547065	0.7819689802114964	0.4122921406254707	0.0
0.8	98	0.006744958649892184	0.004828344696591908	0.10667376822595344	0.010182219220269649	0.7281359300079132	0.010182219220269649	0.0
0.8	99	0.006744958649892184	0.004828344696591908	0.10667376822595344	0.010182219220269649	0.7281359300079132	0.010182219220269649	0.0
0.9	0	0.006744958649892184	0.004828344696591908	0.10667376822595344	0.010182219220269649	0.7281359300079132	0.010182219220269649	0.0
0.9	1	0.3247702197513205	0.36061932804815644	0.1234083640245337	0.3257973738838765	0.7474796471920474	0.3257973738838764	0.0
0.9	2	0.420002210684197	0.48768731101045765	0.11157702272475108	0.42083974822689285	0.7845405383268294	0.4208397482268929	0.0
0.9	3	0.4289883759420244	0.492627035784629	0.10967340280263223	0.42981427066725847	0.7871200928379276	0.4298142706672585	0.0
0.9	4	0.006744958649892184	0.004828344696591908	0.10667376822595344	0.010182219220269649	0.7281359300079132	0.010182219220269649	0.0
0.9	5	0.4166879143422209	0.4771712687978864	0.11149073869813252	0.41753578479603987	0.7819983698185492	0.4175357847960398	0.0
0.9	6	0.006744958649892184	0.004828344696591908	0.10667376822595344	0.010182219220269649	0.7281359300079132	0.010182219220269649	0.0
0.9	7	0.006744958649892184	0.004828344696591908	0.10667376822595344	0.010182219220269649	0.7281359300079132	0.010182219220269649	0.0
0.9	8	0.006744958649892184	0.004828344696591908	0.10667376822595344	0.010182219220269649	0.7281359300079132	0.010182219220269649	0.0
0.9	9	0.006744958649892184	0.004828344696591908	0.10667376822595344	0.010182219220269649	0.7281359300079132	0.010182219220269649	0.0
0.9	10	0.006744958649892184	0.004828344696591908	0.10667376822595344	0.010182219220269649	0.7281359300079132	0.010182219220269649	0.0
0.9	11	0.006744958649892184	0.004828344696591908	0.10667376822595344	0.010182219220269649	0.7281359300079132	0.010182219220269649	0.0
0.9	12	0.006744958649892184	0.004828344696591908	0.10667376822595344	0.010182219220269649	0.7281359300079132	0.010182219220269649	0.0
0.9	13	0.4248646338360621	0.4874531472604956	0.11028777147775058	0.42569785214361316	0.7853927013295128	0.42569785214361316	0.0
0.9	14	0.006744958649892184	0.004828344696591908	0.10667376822595344	0.010182219220269649	0.7281359300079132	0.010182219220269649	0.0
0.9	15	0.006744958649892184	0.004828344696591908	0.10667376822595344	0.010182219220269649	0.7281359300079132	0.010182219220269649	0.0
0.9	16	0.006744958649892184	0.004828344696591908	0.10667376822595344	0.010182219220269649	0.7281359300079132	0.010182219220269649	0.0
0.9	17	0.4289883759420244	0.492627035784629	0.10967340280263224	0.42981427066725847	0.7871200928379276	0.4298142706672585	0.0
0.9	18	0.006744958649892184	0.004828344696591908	0.10667376822595344	0.010182219220269649	0.7281359300079132	0.010182219220269649	0.0
0.9	19	0.006744958649892184	0.004828344696591908	0.10667376822595344	0.010182219220269649	0.7281359300079132	0.010182219220269649	0.0
0.9	20	0.42076463534185027	0.4823012280646396	0.11089352625326995	0.4216051785408829	0.783685467007212	0.4216051785408829	0.0
0.9	21	0.006744958649892184	0.004828344696591908	0.10667376822595344	0.010182219220269649	0.7281359300079132	0.010182219220269649	0.0
0.9	22	0.006744958649892184	0.004828344696591908	0.10667376822595344	0.010182219220269649	0.7281359300079132	0.010182219220269649	0.0
0.9	23	0.006744958649892184	0.004828344696591908	0.10667376822595344	0.010182219220269649	0.7281359300079132	0.010182219220269649	0.0
0.9	24	0.006744958649892184	0.004828344696591908	0.10667376822595344	0.010182219220269649	0.7281359300079132	0.010182219220269649	0.0
0.9	25	0.006744958649892184	0.004828344696591908	0.10667376822595344	0.010182219220269649	0.7281359300079132	0.010182219220269649	0.0
0.9	26	0.006744958649892184	0.004828344696591908	0.10667376822595344	0.010182219220269649	0.7281359300079132	0.010182219220269649	0.0
0.9	27	0.006744958649892184	0.004828344696591908	0.10667376822595344	0.010182219220269649	0.7281359300079132	0.010182219220269649	0.0
0.9	28	0.006744958649892184	0.004828344696591908	0.10667376822595344	0.010182219220269649	0.7281359300079132	0.010182219220269649	0.0
0.9	29	0.006744958649892184	0.004828344696591908	0.10667376822595344	0.010182219220269649	0.7281359300079132	0.010182219220269649	0.0
0.9	30	0.4037031206030751	0.4672277304077456	0.11397257351934623	0.40456986504087455	0.7777812199935986	0.40456986504087455	0.0
0.9	31	0.4166879143422209	0.4771712687978864	0.11149073869813252	0.41753578479603987	0.7819983698185492	0.4175357847960398	0.0
0.9	32	0.006744958649892184	0.004828344696591908	0.10667376822595344	0.010182219220269649	0.7281359300079132	0.010182219220269649	0.0
0.9	33	0.006744958649892184	0.004828344696591908	0.10667376822595344	0.010182219220269649	0.7281359300079132	0.010182219220269649	0.0
0.9	34	0.006744958649892184	0.004828344696591908	0.10667376822595344	0.010182219220269649	0.7281359300079132	0.010182219220269649	0.0
0.9	35	0.006744958649892184	0.004828344696591908	0.10667376822595344	0.010182219220269649	0.7281359300079132	0.010182219220269649	0.0
0.9	36	0.42076463534185027	0.4823012280646396	0.11089352625326995	0.4216051785408829	0.783685467007212	0.4216051785408829	0.0
0.9	37	0.006744958649892184	0.004828344696591908	0.10667376822595344	0.010182219220269649	0.7281359300079132	0.010182219220269649	0.0
0.9	38	0.42076463534185027	0.4823012280646396	0.11089352625326995	0.4216051785408829	0.783685467007212	0.4216051785408829	0.0
0.9	39	0.006744958649892184	0.004828344696591908	0.10667376822595344	0.010182219220269649	0.7281359300079132	0.010182219220269649	0.0
0.9	40	0.006744958649892184	0.004828344696591908	0.10667376822595344	0.010182219220269649	0.7281359300079132	0.010182219220269649	0.0
0.9	41	0.4289883759420244	0.492627035784629	0.10967340280263223	0.42981427066725847	0.7871200928379276	0.4298142706672585	0.0
0.9	42	0.006744958649892184	0.004828344696591908	0.10667376822595344	0.010182219220269649	0.7281359300079132	0.010182219220269649	0.0
0.9	43	0.006744958649892184	0.004828344696591908	0.10667376822595344	0.010182219220269649	0.7281359300079132	0.010182219220269649	0.0
0.9	44	0.006744958649892184	0.004828344696591908	0.10667376822595344	0.010182219220269649	0.7281359300079132	0.010182219220269649	0.0
0.9	45	0.006744958649892184	0.004828344696591908	0.10667376822595344	0.010182219220269649	0.7281359300079132	0.010182219220269649	0.0
0.9	46	0.006744958649892184	0.004828344696591908	0.10667376822595344	0.010182219220269649	0.7281359300079132	0.010182219220269649	0.0
0.9	47	0.006744958649892184	0.004828344696591908	0.10667376822595344	0.010182219220269649	0.7281359300079132	0.010182219220269649	0.0
0.9	48	0.4289883759420244	0.492627035784629	0.10967340280263223	0.42981427066725847	0.7871200928379276	0.4298142706672585	0.0
0.9	49	0.40860249124551257	0.46697719346141187	0.11265981041834726	0.4094650274936177	0.7786845013677551	0.40946502749361763	0.0
0.9	50	0.006744958649892184	0.004828344696591908	0.10667376822595344	0.010182219220269649	0.7281359300079132	0.010182219220269649	0.0
0.9	51	0.006744958649892184	0.004828344696591908	0.10667376822595344	0.010182219220269649	0.7281359300079132	0.010182219220269649	0.0
0.9	52	0.006744958649892184	0.004828344696591908	0.10667376822595344	0.010182219220269649	0.7281359300079132	0.010182219220269649	0.0
0.9	53	0.006744958649892184	0.004828344696591908	0.10667376822595344	0.010182219220269649	0.7281359300079132	0.010182219220269649	0.0
0.9	54	0.4158921356622455	0.4825394479691516	0.11218877932893982	0.41673697241126995	0.7828205306847352	0.4167369724112699	0.0
0.9	55	0.006744958649892184	0.004828344696591908	0.10667376822595344	0.010182219220269649	0.7281359300079132	0.010182219220269649	0.0
0.9	56	0.006744958649892184	0.004828344696591908	0.10667376822595344	0.010182219220269649	0.7281359300079132	0.010182219220269649	0.0
0.9	57	0.006744958649892184	0.004828344696591908	0.10667376822595344	0.010182219220269649	0.7281359300079132	0.010182219220269649	0.0
0.9	58	0.006744958649892184	0.004828344696591908	0.10667376822595344	0.010182219220269649	0.7281359300079132	0.010182219220269649	0.0
0.9	59	0.006744958649892184	0.004828344696591908	0.10667376822595344	0.010182219220269649	0.7281359300079132	0.010182219220269649	0.0
0.9	60	0.006744958649892184	0.004828344696591908	0.10667376822595344	0.010182219220269649	0.7281359300079132	0.010182219220269649	0.0
0.9	61	0.006744958649892184	0.004828344696591908	0.10667376822595344	0.010182219220269649	0.7281359300079132	0.010182219220269649	0.0
0.9	62	0.006744958649892184	0.004828344696591908	0.10667376822595344	0.010182219220269649	0.7281359300079132	0.010182219220269649	0.0
0.9	63	0.006744958649892184	0.004828344696591908	0.10667376822595344	0.010182219220269649	0.7281359300079132	0.010182219220269649	0.0
0.9	64	0.006744958649892184	0.004828344696591908	0.10667376822595344	0.010182219220269649	0.7281359300079132	0.010182219220269649	0.0
0.9	65	0.006744958649892184	0.004828344696591908	0.10667376822595344	0.010182219220269649	0.7281359300079132	0.010182219220269649	0.0
0.9	66	0.42076463534185027	0.4823012280646396	0.11089352625326995	0.4216051785408829	0.783685467007212	0.4216051785408829	0.0
0.9	67	0.006744958649892184	0.004828344696591908	0.10667376822595344	0.010182219220269649	0.7281359300079132	0.010182219220269649	0.0
0.9	68	0.42076463534185027	0.4823012280646396	0.11089352625326995	0.4216051785408829	0.783685467007212	0.4216051785408829	0.0
0.9	69	0.40860249124551257	0.46697719346141187	0.11265981041834726	0.4094650274936177	0.7786845013677551	0.40946502749361763	0.0
0.9	70	0.006744958649892184	0.004828344696591908	0.10667376822595344	0.010182219220269649	0.7281359300079132	0.010182219220269649	0.0
0.9	71	0.006744958649892184	0.004828344696591908	0.10667376822595344	0.010182219220269649	0.7281359300079132	0.010182219220269649	0.0
0.9	72	0.006744958649892184	0.004828344696591908	0.10667376822595344	0.010182219220269649	0.7281359300079132	0.010182219220269649	0.0
0.9	73	0.420002210684197	0.48768731101045765	0.11157702272475108	0.42083974822689285	0.7845405383268294	0.4208397482268929	0.0
0.9	74	0.41180590281297713	0.4774135697326084	0.112791909507845	0.4126580397515183	0.7811206549812499	0.41265803975151827	0.0
0.9	75	0.006744958649892184	0.004828344696591908	0.10667376822595344	0.010182219220269649	0.7281359300079132	0.010182219220269649	0.0
0.9	76	0.006744958649892184	0.004828344696591908	0.10667376822595344	0.010182219220269649	0.7281359300079132	0.010182219220269649	0.0
0.9	77	0.006744958649892184	0.004828344696591908	0.10667376822595344	0.010182219220269649	0.7281359300079132	0.010182219220269649	0.0
0.9	78	0.420002210684197	0.48768731101045765	0.11157702272475108	0.42083974822689285	0.7845405383268294	0.4208397482268929	0.0
0.9	79	0.4331363384593268	0.49782290323739853	0.10905034607144147	0.4339549098519702	0.7888676605153101	0.4339549098519702	0.0
0.9	80	0.006744958649892184	0.004828344696591908	0.10667376822595344	0.010182219220269649	0.7281359300079132	0.010182219220269649	0.0
0.9	81	0.006744958649892184	0.004828344696591908	0.10667376822595344	0.010182219220269649	0.7281359300079132	0.010182219220269649	0.0
0.9	82	0.4077430487960962	0.47230966693394744	0.11338648462145078	0.4086024879512107	0.7794408916323519	0.4086024879512107	0.0
0.9	83	0.4241366019726939	0.4928571684247828	0.11095656574354607	0.4249668402427827	0.7862806964172689	0.42496684024278264	0.0
0.9	84	0.006744958649892184	0.004828344696591908	0.10667376822595344	0.010182219220269649	0.7281359300079132	0.010182219220269649	0.0
0.9	85	0.42076463534185027	0.4823012280646396	0.11089352625326995	0.4216051785408829	0.783685467007212	0.4216051785408829	0.0
0.9	86	0.4166879143422209	0.4771712687978864	0.11149073869813252	0.41753578479603987	0.7819983698185492	0.4175357847960398	0.0
0.9	87	0.006744958649892184	0.004828344696591908	0.10667376822595344	0.010182219220269649	0.7281359300079132	0.010182219220269649	0.0
0.9	88	0.006744958649892184	0.004828344696591908	0.10667376822595344	0.010182219220269649	0.7281359300079132	0.010182219220269649	0.0
0.9	89	0.006744958649892184	0.004828344696591908	0.10667376822595344	0.010182219220269649	0.7281359300079132	0.010182219220269649	0.0
0.9	90	0.006744958649892184	0.004828344696591908	0.10667376822595344	0.010182219220269649	0.7281359300079132	0.010182219220269649	0.0
0.9	91	0.4126340149782462	0.4720632602623283	0.11207947787522672	0.413489216099788	0.7803313886553586	0.41348921609978806	0.0
0.9	92	0.006744958649892184	0.004828344696591908	0.10667376822595344	0.010182219220269649	0.7281359300079132	0.010182219220269649	0.0
0.9	93	0.4331363384593267	0.49782290323739853	0.10905034607144147	0.4339549098519701	0.7888676605153101	0.43395490985197016	0.0
0.9	94	0.006744958649892184	0.004828344696591908	0.10667376822595344	0.010182219220269649	0.7281359300079132	0.010182219220269649	0.0
0.9	95	0.41180590281297713	0.4774135697326084	0.112791909507845	0.4126580397515183	0.7811206549812499	0.41265803975151827	0.0
0.9	96	0.006744958649892184	0.004828344696591908	0.10667376822595344	0.010182219220269649	0.7281359300079132	0.010182219220269649	0.0
0.9	97	0.006744958649892184	0.004828344696591908	0.10667376822595344	0.010182219220269649	0.7281359300079132	0.010182219220269649	0.0
0.9	98	0.006744958649892184	0.004828344696591908	0.10667376822595344	0.010182219220269649	0.7281359300079132	0.010182219220269649	0.0
0.9	99	0.006744958649892184	0.004828344696591908	0.10667376822595344	0.010182219220269649	0.7281359300079132	0.010182219220269649	0.0
1.0	0	0.006744958649892184	0.004828344696591908	0.10667376822595344	0.010182219220269649	0.7281359300079132	0.010182219220269649	0.0
1.0	1	0.006744958649892184	0.004828344696591908	0.10667376822595344	0.010182219220269649	0.7281359300079132	0.010182219220269649	0.0
1.0	2	0.43433746856521593	0.49239345983644706	0.10829503274057699	0.43515831588006476	0.7879728088845893	0.43515831588006476	0.0
1.0	3	0.006744958649892184	0.004828344696591908	0.10667376822595344	0.010182219220269649	0.7281359300079132	0.010182219220269649	0.0
1.0	4	0.006744958649892184	0.004828344696591908	0.10667376822595344	0.010182219220269649	0.7281359300079132	0.010182219220269649	0.0
1.0	5	0.006744958649892184	0.004828344696591908	0.10667376822595344	0.010182219220269649	0.7281359300079132	0.010182219220269649	0.0
1.0	6	0.006744958649892184	0.004828344696591908	0.10667376822595344	0.010182219220269649	0.7281359300079132	0.010182219220269649	0.0
1.0	7	0.006744958649892184	0.004828344696591908	0.10667376822595344	0.010182219220269649	0.7281359300079132	0.010182219220269649	0.0
1.0	8	0.006744958649892184	0.004828344696591908	0.10667376822595344	0.010182219220269649	0.7281359300079132	0.010182219220269649	0.0
1.0	9	0.006744958649892184	0.004828344696591908	0.10667376822595344	0.010182219220269649	0.7281359300079132	0.010182219220269649	0.0
1.0	10	0.006744958649892184	0.004828344696591908	0.10667376822595344	0.010182219220269649	0.7281359300079132	0.010182219220269649	0.0
1.0	11	0.4166879143422209	0.4771712687978864	0.11149073869813252	0.41753578479603987	0.7819983698185492	0.4175357847960398	0.0
1.0	12	0.006744958649892184	0.004828344696591908	0.10667376822595344	0.010182219220269649	0.7281359300079132	0.010182219220269649	0.0
1.0	13	0.006744958649892184	0.004828344696591908	0.10667376822595344	0.010182219220269649	0.7281359300079132	0.010182219220269649	0.0
1.0	14	0.006744958649892184	0.004828344696591908	0.10667376822595344	0.010182219220269649	0.7281359300079132	0.010182219220269649	0.0
1.0	15	0.006744958649892184	0.004828344696591908	0.10667376822595344	0.010182219220269649	0.7281359300079132	0.010182219220269649	0.0
1.0	16	0.006744958649892184	0.004828344696591908	0.10667376822595344	0.010182219220269649	0.7281359300079132	0.010182219220269649	0.0
1.0	17	0.006744958649892184	0.004828344696591908	0.10667376822595344	0.010182219220269649	0.7281359300079132	0.010182219220269649	0.0
1.0	18	0.006744958649892184	0.004828344696591908	0.10667376822595344	0.010182219220269649	0.7281359300079132	0.010182219220269649	0.0
1.0	19	0.006744958649892184	0.004828344696591908	0.10667376822595344	0.010182219220269649	0.7281359300079132	0.010182219220269649	0.0
1.0	20	0.4289883759420244	0.492627035784629	0.10967340280263223	0.42981427066725847	0.7871200928379276	0.4298142706672585	0.0
1.0	21	0.006744958649892184	0.004828344696591908	0.10667376822595344	0.010182219220269649	0.7281359300079132	0.010182219220269649	0.0
1.0	22	0.006744958649892184	0.004828344696591908	0.10667376822595344	0.010182219220269649	0.7281359300079132	0.010182219220269649	0.0
1.0	23	0.006744958649892184	0.004828344696591908	0.10667376822595344	0.010182219220269649	0.7281359300079132	0.010182219220269649	0.0
1.0	24	0.006744958649892184	0.004828344696591908	0.10667376822595344	0.010182219220269649	0.7281359300079132	0.010182219220269649	0.0
1.0	25	0.006744958649892184	0.004828344696591908	0.10667376822595344	0.010182219220269649	0.7281359300079132	0.010182219220269649	0.0
1.0	26	0.4166879143422209	0.4771712687978864	0.11149073869813252	0.41753578479603987	0.7819983698185492	0.4175357847960398	0.0
1.0	27	0.006744958649892184	0.004828344696591908	0.10667376822595344	0.010182219220269649	0.7281359300079132	0.010182219220269649	0.0
1.0	28	0.006744958649892184	0.004828344696591908	0.10667376822595344	0.010182219220269649	0.7281359300079132	0.010182219220269649	0.0
1.0	29	0.4248646338360621	0.4874531472604956	0.1102877714777506	0.42569785214361316	0.7853927013295128	0.42569785214361316	0.0
1.0	30	0.006744958649892184	0.004828344696591908	0.10667376822595344	0.010182219220269649	0.7281359300079132	0.010182219220269649	0.0
1.0	31	0.006744958649892184	0.004828344696591908	0.10667376822595344	0.010182219220269649	0.7281359300079132	0.010182219220269649	0.0
1.0	32	0.006744958649892184	0.004828344696591908	0.10667376822595344	0.010182219220269649	0.7281359300079132	0.010182219220269649	0.0
1.0	33	0.006744958649892184	0.004828344696591908	0.10667376822595344	0.010182219220269649	0.7281359300079132	0.010182219220269649	0.0
1.0	34	0.006744958649892184	0.004828344696591908	0.10667376822595344	0.010182219220269649	0.7281359300079132	0.010182219220269649	0.0
1.0	35	0.42076463534185027	0.4823012280646396	0.11089352625326995	0.4216051785408829	0.783685467007212	0.4216051785408829	0.0
1.0	36	0.006744958649892184	0.004828344696591908	0.10667376822595344	0.010182219220269649	0.7281359300079132	0.010182219220269649	0.0
1.0	37	0.4126340149782463	0.4720632602623283	0.11207947787522672	0.41348921609978817	0.7803313886553586	0.41348921609978817	0.0
1.0	38	0.006744958649892184	0.004828344696591908	0.10667376822595344	0.010182219220269649	0.7281359300079132	0.010182219220269649	0.0
1.0	39	0.40860249124551257	0.46697719346141187	0.11265981041834726	0.4094650274936177	0.7786845013677551	0.40946502749361763	0.0
1.0	40	0.4166879143422209	0.4771712687978864	0.11149073869813252	0.41753578479603987	0.7819983698185492	0.4175357847960398	0.0
1.0	41	0.006744958649892184	0.004828344696591908	0.10667376822595344	0.010182219220269649	0.7281359300079132	0.010182219220269649	0.0
1.0	42	0.006744958649892184	0.004828344696591908	0.10667376822595344	0.010182219220269649	0.7281359300079132	0.010182219220269649	0.0
1.0	43	0.006744958649892184	0.004828344696591908	0.10667376822595344	0.010182219220269649	0.7281359300079132	0.010182219220269649	0.0
1.0	44	0.4166879143422209	0.4771712687978864	0.11149073869813252	0.41753578479603987	0.7819983698185492	0.4175357847960398	0.0
1.0	45	0.006744958649892184	0.004828344696591908	0.10667376822595344	0.010182219220269649	0.7281359300079132	0.010182219220269649	0.0
1.0	46	0.006744958649892184	0.004828344696591908	0.10667376822595344	0.010182219220269649	0.7281359300079132	0.010182219220269649	0.0
1.0	47	0.006744958649892184	0.004828344696591908	0.10667376822595344	0.010182219220269649	0.7281359300079132	0.010182219220269649	0.0
1.0	48	0.006744958649892184	0.004828344696591908	0.10667376822595344	0.010182219220269649	0.7281359300079132	0.010182219220269649	0.0
1.0	49	0.006744958649892184	0.004828344696591908	0.10667376822595344	0.010182219220269649	0.7281359300079132	0.010182219220269649	0.0
1.0	50	0.006744958649892184	0.004828344696591908	0.10667376822595344	0.010182219220269649	0.7281359300079132	0.010182219220269649	0.0
1.0	51	0.006744958649892184	0.004828344696591908	0.10667376822595344	0.010182219220269649	0.7281359300079132	0.010182219220269649	0.0
1.0	52	0.006744958649892184	0.004828344696591908	0.10667376822595344	0.010182219220269649	0.7281359300079132	0.010182219220269649	0.0
1.0	53	0.006744958649892184	0.004828344696591908	0.10667376822595344	0.010182219220269649	0.7281359300079132	0.010182219220269649	0.0
1.0	54	0.006744958649892184	0.004828344696591908	0.10667376822595344	0.010182219220269649	0.7281359300079132	0.010182219220269649	0.0
1.0	55	0.006744958649892184	0.004828344696591908	0.10667376822595344	0.010182219220269649	0.7281359300079132	0.010182219220269649	0.0
1.0	56	0.006744958649892184	0.004828344696591908	0.10667376822595344	0.010182219220269649	0.7281359300079132	0.010182219220269649	0.0
1.0	57	0.4289883759420244	0.492627035784629	0.10967340280263223	0.42981427066725847	0.7871200928379276	0.4298142706672585	0.0
1.0	58	0.006744958649892184	0.004828344696591908	0.10667376822595344	0.010182219220269649	0.7281359300079132	0.010182219220269649	0.0
1.0	59	0.006744958649892184	0.004828344696591908	0.10667376822595344	0.010182219220269649	0.7281359300079132	0.010182219220269649	0.0
1.0	60	0.4166879143422209	0.4771712687978864	0.11149073869813252	0.41753578479603987	0.7819983698185492	0.4175357847960398	0.0
1.0	61	0.006744958649892184	0.004828344696591908	0.10667376822595344	0.010182219220269649	0.7281359300079132	0.010182219220269649	0.0
1.0	62	0.43847402275036074	0.49759337218214605	0.10767803946884445	0.4392875246699706	0.789707575210089	0.4392875246699706	0.0
1.0	63	0.006744958649892184	0.004828344696591908	0.10667376822595344	0.010182219220269649	0.7281359300079132	0.010182219220269649	0.0
1.0	64	0.006744958649892184	0.004828344696591908	0.10667376822595344	0.010182219220269649	0.7281359300079132	0.010182219220269649	0.0
1.0	65	0.006744958649892184	0.004828344696591908	0.10667376822595344	0.010182219220269649	0.7281359300079132	0.010182219220269649	0.0
1.0	66	0.4077430487960962	0.47230966693394744	0.11338648462145078	0.4086024879512107	0.7794408916323519	0.4086024879512107	0.0
1.0	67	0.006744958649892184	0.004828344696591908	0.10667376822595344	0.010182219220269649	0.7281359300079132	0.010182219220269649	0.0
1.0	68	0.42076463534185027	0.4823012280646396	0.11089352625326995	0.4216051785408829	0.783685467007212	0.4216051785408829	0.0
1.0	69	0.006744958649892184	0.004828344696591908	0.10667376822595344	0.010182219220269649	0.7281359300079132	0.010182219220269649	0.0
1.0	70	0.006744958649892184	0.004828344696591908	0.10667376822595344	0.010182219220269649	0.7281359300079132	0.010182219220269649	0.0
1.0	71	0.006744958649892184	0.004828344696591908	0.10667376822595344	0.010182219220269649	0.7281359300079132	0.010182219220269649	0.0
1.0	72	0.006744958649892184	0.004828344696591908	0.10667376822595344	0.010182219220269649	0.7281359300079132	0.010182219220269649	0.0
1.0	73	0.006744958649892184	0.004828344696591908	0.10667376822595344	0.010182219220269649	0.7281359300079132	0.010182219220269649	0.0
1.0	74	0.006744958649892184	0.004828344696591908	0.10667376822595344	0.010182219220269649	0.7281359300079132	0.010182219220269649	0.0
1.0	75	0.006744958649892184	0.004828344696591908	0.10667376822595344	0.010182219220269649	0.7281359300079132	0.010182219220269649	0.0
1.0	76	0.006744958649892184	0.004828344696591908	0.10667376822595344	0.010182219220269649	0.7281359300079132	0.010182219220269649	0.0
1.0	77	0.4248646338360621	0.4874531472604956	0.1102877714777506	0.42569785214361316	0.7853927013295128	0.42569785214361316	0.0
1.0	78	0.006744958649892184	0.004828344696591908	0.10667376822595344	0.010182219220269649	0.7281359300079132	0.010182219220269649	0.0
1.0	79	0.006744958649892184	0.004828344696591908	0.10667376822595344	0.010182219220269649	0.7281359300079132	0.010182219220269649	0.0
1.0	80	0.006744958649892184	0.004828344696591908	0.10667376822595344	0.010182219220269649	0.7281359300079132	0.010182219220269649	0.0
1.0	81	0.006744958649892184	0.004828344696591908	0.10667376822595344	0.010182219220269649	0.7281359300079132	0.010182219220269649	0.0
1.0	82	0.006744958649892184	0.004828344696591908	0.10667376822595344	0.010182219220269649	0.7281359300079132	0.010182219220269649	0.0
1.0	83	0.006744958649892184	0.004828344696591908	0.10667376822595344	0.010182219220269649	0.7281359300079132	0.010182219220269649	0.0
1.0	84	0.006744958649892184	0.004828344696591908	0.10667376822595344	0.010182219220269649	0.7281359300079132	0.010182219220269649	0.0
1.0	85	0.006744958649892184	0.004828344696591908	0.10667376822595344	0.010182219220269649	0.7281359300079132	0.010182219220269649	0.0
1.0	86	0.006744958649892184	0.004828344696591908	0.10667376822595344	0.010182219220269649	0.7281359300079132	0.010182219220269649	0.0
1.0	87	0.006744958649892184	0.004828344696591908	0.10667376822595344	0.010182219220269649	0.7281359300079132	0.010182219220269649	0.0
1.0	88	0.4166879143422209	0.4771712687978864	0.11149073869813252	0.41753578479603987	0.7819983698185492	0.4175357847960398	0.0
1.0	89	0.006744958649892184	0.004828344696591908	0.10667376822595344	0.010182219220269649	0.7281359300079132	0.010182219220269649	0.0
1.0	90	0.006744958649892184	0.004828344696591908	0.10667376822595344	0.010182219220269649	0.7281359300079132	0.010182219220269649	0.0
1.0	91	0.4331363384593267	0.49782290323739853	0.10905034607144147	0.4339549098519701	0.7888676605153101	0.43395490985197016	0.0
1.0	92	0.006744958649892184	0.004828344696591908	0.10667376822595344	0.010182219220269649	0.7281359300079132	0.010182219220269649	0.0
1.0	93	0.006744958649892184	0.004828344696591908	0.10667376822595344	0.010182219220269649	0.7281359300079132	0.010182219220269649	0.0
1.0	94	0.006744958649892184	0.004828344696591908	0.10667376822595344	0.010182219220269649	0.7281359300079132	0.010182219220269649	0.0
1.0	95	0.006744958649892184	0.004828344696591908	0.10667376822595344	0.010182219220269649	0.7281359300079132	0.010182219220269649	0.0
1.0	96	0.34359933293169465	0.3691622513422574	0.11945965565958662	0.34460216142324435	0.7522795977816895	0.34460216142324435	0.0
1.0	97	0.006744958649892184	0.004828344696591908	0.10667376822595344	0.010182219220269649	0.7281359300079132	0.010182219220269649	0.0
1.0	98	0.006744958649892184	0.004828344696591908	0.10667376822595344	0.010182219220269649	0.7281359300079132	0.010182219220269649	0.0
1.0	99	0.006744958649892184	0.004828344696591908	0.10667376822595344	0.010182219220269649	0.7281359300079132	0.010182219220269649	0.0
1.1	0	0.006744958649892184	0.004828344696591908	0.10667376822595344	0.010182219220269649	0.7281359300079132	0.010182219220269649	0.0
1.1	1	0.006744958649892184	0.004828344696591908	0.10667376822595344	0.010182219220269649	0.7281359300079132	0.010182219220269649	0.0
1.1	2	0.4077430487960962	0.47230966693394744	0.11338648462145078	0.4086024879512107	0.7794408916323519	0.4086024879512107	0.0
1.1	3	0.006744958649892184	0.004828344696591908	0.10667376822595344	0.010182219220269649	0.7281359300079132	0.010182219220269649	0.0
1.1	4	0.006744958649892184	0.004828344696591908	0.10667376822595344	0.010182219220269649	0.7281359300079132	0.010182219220269649	0.0
1.1	5	0.42076463534185027	0.4823012280646396	0.11089352625326995	0.4216051785408829	0.783685467007212	0.4216051785408829	0.0
1.1	6	0.42076463534185027	0.4823012280646396	0.11089352625326995	0.4216051785408829	0.783685467007212	0.4216051785408829	0.0
1.1	7	0.006744958649892184	0.004828344696591908	0.10667376822595344	0.010182219220269649	0.7281359300079132	0.010182219220269649	0.0
1.1	8	0.006744958649892184	0.004828344696591908	0.10667376822595344	0.010182219220269649	0.7281359300079132	0.010182219220269649	0.0
1.1	9	0.4126340149782462	0.4720632602623283	0.11207947787522672	0.413489216099788	0.7803313886553586	0.41348921609978806	0.0
1.1	10	0.006744958649892184	0.004828344696591908	0.10667376822595344	0.010182219220269649	0.7281359300079132	0.010182219220269649	0.0
1.1	11	0.4166879143422209	0.4771712687978864	0.11149073869813252	0.41753578479603987	0.7819983698185492	0.4175357847960398	0.0
1.1	12	0.006744958649892184	0.004828344696591908	0.10667376822595344	0.010182219220269649	0.7281359300079132	0.010182219220269649	0.0
1.1	13	0.006744958649892184	0.004828344696591908	0.10667376822595344	0.010182219220269649	0.7281359300079132	0.010182219220269649	0.0
1.1	14	0.006744958649892184	0.004828344696591908	0.10667376822595344	0.010182219220269649	0.7281359300079132	0.010182219220269649	0.0
1.1	15	0.006744958649892184	0.004828344696591908	0.10667376822595344	0.010182219220269649	0.7281359300079132	0.010182219220269649	0.0
1.1	16	0.4248646338360621	0.4874531472604956	0.1102877714777506	0.42569785214361316	0.7853927013295128	0.42569785214361316	0.0
1.1	17	0.006744958649892184	0.004828344696591908	0.10667376822595344	0.010182219220269649	0.7281359300079132	0.010182219220269649	0.0
1.1	18	0.006744958649892184	0.004828344696591908	0.10667376822595344	0.010182219220269649	0.7281359300079132	0.010182219220269649	0.0
1.1	19	0.006744958649892184	0.004828344696591908	0.10667376822595344	0.010182219220269649	0.7281359300079132	0.010182219220269649	0.0
1.1	20	0.006744958649892184	0.004828344696591908	0.10667376822595344	0.010182219220269649	0.7281359300079132	0.010182219220269649	0.0
1.1	21	0.006744958649892184	0.004828344696591908	0.10667376822595344	0.010182219220269649	0.7281359300079132	0.010182219220269649	0.0
1.1	22	0.006744958649892184	0.004828344696591908	0.10667376822595344	0.010182219220269649	0.7281359300079132	0.010182219220269649	0.0
1.1	23	0.006744958649892184	0.004828344696591908	0.10667376822595344	0.010182219220269649	0.7281359300079132	0.010182219220269649	0.0
1.1	24	0.006744958649892184	0.004828344696591908	0.10667376822595344	0.010182219220269649	0.7281359300079132	0.010182219220269649	0.0
1.1	25	0.006744958649892184	0.004828344696591908	0.10667376822595344	0.010182219220269649	0.7281359300079132	0.010182219220269649	0.0
1.1	26	0.006744958649892184	0.004828344696591908	0.10667376822595344	0.010182219220269649	0.7281359300079132	0.010182219220269649	0.0
1.1	27	0.006744958649892184	0.004828344696591908	0.10667376822595344	0.010182219220269649	0.7281359300079132	0.010182219220269649	0.0
1.1	28	0.006744958649892184	0.004828344696591908	0.10667376822595344	0.010182219220269649	0.7281359300079132	0.010182219220269649	0.0
1.1	29	0.006744958649892184	0.004828344696591908	0.10667376822595344	0.010182219220269649	0.7281359300079132	0.010182219220269649	0.0
1.1	30	0.006744958649892184	0.004828344696591908	0.10667376822595344	0.010182219220269649	0.7281359300079132	0.010182219220269649	0.0
1.1	31	0.006744958649892184	0.004828344696591908	0.10667376822595344	0.010182219220269649	0.7281359300079132	0.010182219220269649	0.0
1.1	32	0.006744958649892184	0.004828344696591908	0.10667376822595344	0.010182219220269649	0.7281359300079132	0.010182219220269649	0.0
1.1	33	0.006744958649892184	0.004828344696591908	0.10667376822595344	0.010182219220269649	0.7281359300079132	0.010182219220269649	0.0
1.1	34	0.006744958649892184	0.004828344696591908	0.10667376822595344	0.010182219220269649	0.7281359300079132	0.010182219220269649	0.0
1.1	35	0.006744958649892184	0.004828344696591908	0.10667376822595344	0.010182219220269649	0.7281359300079132	0.010182219220269649	0.0
1.1	36	0.006744958649892184	0.004828344696591908	0.10667376822595344	0.010182219220269649	0.7281359300079132	0.010182219220269649	0.0
1.1	37	0.006744958649892184	0.004828344696591908	0.10667376822595344	0.010182219220269649	0.7281359300079132	0.010182219220269649	0.0
1.1	38	0.006744958649892184	0.004828344696591908	0.10667376822595344	0.010182219220269649	0.7281359300079132	0.010182219220269649	0.0
1.1	39	0.006744958649892184	0.004828344696591908	0.10667376822595344	0.010182219220269649	0.7281359300079132	0.010182219220269649	0.0
1.1	40	0.006744958649892184	0.004828344696591908	0.10667376822595344	0.010182219220269649	0.7281359300079132	0.010182219220269649	0.0
1.1	41	0.006744958649892184	0.004828344696591908	0.10667376822595344	0.010182219220269649	0.7281359300079132	0.010182219220269649	0.0
1.1	42	0.006744958649892184	0.004828344696591908	0.10667376822595344	0.010182219220269649	0.7281359300079132	0.010182219220269649	0.0
1.1	43	0.006744958649892184	0.004828344696591908	0.10667376822595344	0.010182219220269649	0.7281359300079132	0.010182219220269649	0.0
1.1	44	0.006744958649892184	0.004828344696591908	0.10667376822595344	0.010182219220269649	0.7281359300079132	0.010182219220269649	0.0
1.1	45	0.4166879143422209	0.4771712687978864	0.11149073869813252	0.41753578479603987	0.7819983698185492	0.4175357847960398	0.0
1.1	46	0.006744958649892184	0.004828344696591908	0.10667376822595344	0.010182219220269649	0.7281359300079132	0.010182219220269649	0.0
1.1	47	0.006744958649892184	0.004828344696591908	0.10667376822595344	0.010182219220269649	0.7281359300079132	0.010182219220269649	0.0
1.1	48	0.006744958649892184	0.004828344696591908	0.10667376822595344	0.010182219220269649	0.7281359300079132	0.010182219220269649	0.0
1.1	49	0.006744958649892184	0.004828344696591908	0.10667376822595344	0.010182219220269649	0.7281359300079132	0.010182219220269649	0.0
1.1	50	0.006744958649892184	0.004828344696591908	0.10667376822595344	0.010182219220269649	0.7281359300079132	0.010182219220269649	0.0
1.1	51	0.006744958649892184	0.004828344696591908	0.10667376822595344	0.010182219220269649	0.7281359300079132	0.010182219220269649	0.0
1.1	52	0.006744958649892184	0.004828344696591908	0.10667376822595344	0.010182219220269649	0.7281359300079132	0.010182219220269649	0.0
1.1	53	0.006744958649892184	0.004828344696591908	0.10667376822595344	0.010182219220269649	0.7281359300079132	0.010182219220269649	0.0
1.1	54	0.006744958649892184	0.004828344696591908	0.10667376822595344	0.010182219220269649	0.7281359300079132	0.010182219220269649	0.0
1.1	55	0.006744958649892184	0.004828344696591908	0.10667376822595344	0.010182219220269649	0.7281359300079132	0.010182219220269649	0.0
1.1	56	0.006744958649892184	0.004828344696591908	0.10667376822595344	0.010182219220269649	0.7281359300079132	0.010182219220269649	0.0
1.1	57	0.41180590281297713	0.4774135697326084	0.112791909507845	0.4126580397515183	0.7811206549812499	0.41265803975151827	0.0
1.1	58	0.006744958649892184	0.004828344696591908	0.10667376822595344	0.010182219220269649	0.7281359300079132	0.010182219220269649	0.0
1.1	59	0.4166879143422209	0.4771712687978864	0.11149073869813252	0.41753578479603987	0.7819983698185492	0.4175357847960398	0.0
1.1	60	0.4166879143422209	0.4771712687978864	0.11149073869813252	0.41753578479603987	0.7819983698185492	0.4175357847960398	0.0
1.1	61	0.006744958649892184	0.004828344696591908	0.10667376822595344	0.010182219220269649	0.7281359300079132	0.010182219220269649	0.0
1.1	62	0.006744958649892184	0.004828344696591908	0.10667376822595344	0.010182219220269649	0.7281359300079132	0.010182219220269649	0.0
1.1	63	0.006744958649892184	0.004828344696591908	0.10667376822595344	0.010182219220269649	0.7281359300079132	0.010182219220269649	0.0
1.1	64	0.42076463534185027	0.4823012280646396	0.11089352625326995	0.4216051785408829	0.783685467007212	0.4216051785408829	0.0
1.1	65	0.006744958649892184	0.004828344696591908	0.10667376822595344	0.010182219220269649	0.7281359300079132	0.010182219220269649	0.0
1.1	66	0.006744958649892184	0.004828344696591908	0.10667376822595344	0.010182219220269649	0.7281359300079132	0.010182219220269649	0.0
1.1	67	0.006744958649892184	0.004828344696591908	0.10667376822595344	0.010182219220269649	0.7281359300079132	0.010182219220269649	0.0
1.1	68	0.4077430487960962	0.47230966693394744	0.11338648462145078	0.4086024879512107	0.7794408916323519	0.4086024879512107	0.0
1.1	69	0.42076463534185027	0.4823012280646396	0.11089352625326995	0.4216051785408829	0.783685467007212	0.4216051785408829	0.0
1.1	70	0.006744958649892184	0.004828344696591908	0.10667376822595344	0.010182219220269649	0.7281359300079132	0.010182219220269649	0.0
1.1	71	0.006744958649892184	0.004828344696591908	0.10667376822595344	0.010182219220269649	0.7281359300079132	0.010182219220269649	0.0
1.1	72	0.006744958649892184	0.004828344696591908	0.10667376822595344	0.010182219220269649	0.7281359300079132	0.010182219220269649	0.0
1.1	73	0.006744958649892184	0.004828344696591908	0.10667376822595344	0.010182219220269649	0.7281359300079132	0.010182219220269649	0.0
1.1	74	0.006744958649892184	0.004828344696591908	0.10667376822595344	0.010182219220269649	0.7281359300079132	0.010182219220269649	0.0
1.1	75	0.006744958649892184	0.004828344696591908	0.10667376822595344	0.010182219220269649	0.7281359300079132	0.010182219220269649	0.0
1.1	76	0.006744958649892184	0.004828344696591908	0.10667376822595344	0.010182219220269649	0.7281359300079132	0.010182219220269649	0.0
1.1	77	0.006744958649892184	0.004828344696591908	0.10667376822595344	0.010182219220269649	0.7281359300079132	0.010182219220269649	0.0
1.1	78	0.006744958649892184	0.004828344696591908	0.10667376822595344	0.010182219220269649	0.7281359300079132	0.010182219220269649	0.0
1.1	79	0.006744958649892184	0.004828344696591908	0.10667376822595344	0.010182219220269649	0.7281359300079132	0.010182219220269649	0.0
1.1	80	0.4158921356622455	0.4825394479691516	0.11218877932893982	0.41673697241126995	0.7828205306847352	0.4167369724112699	0.0
1.1	81	0.006744958649892184	0.004828344696591908	0.10667376822595344	0.010182219220269649	0.7281359300079132	0.010182219220269649	0.0
1.1	82	0.006744958649892184	0.004828344696591908	0.10667376822595344	0.010182219220269649	0.7281359300079132	0.010182219220269649	0.0
1.1	83	0.006744958649892184	0.004828344696591908	0.10667376822595344	0.010182219220269649	0.7281359300079132	0.010182219220269649	0.0
1.1	84	0.006744958649892184	0.004828344696591908	0.10667376822595344	0.010182219220269649	0.7281359300079132	0.010182219220269649	0.0
1.1	85	0.42076463534185027	0.4823012280646396	0.11089352625326995	0.4216051785408829	0.783685467007212	0.4216051785408829	0.0
1.1	86	0.006744958649892184	0.004828344696591908	0.10667376822595344	0.010182219220269649	0.7281359300079132	0.010182219220269649	0.0
1.1	87	0.006744958649892184	0.004828344696591908	0.10667376822595344	0.010182219220269649	0.7281359300079132	0.010182219220269649	0.0
1.1	88	0.006744958649892184	0.004828344696591908	0.10667376822595344	0.010182219220269649	0.7281359300079132	0.010182219220269649	0.0
1.1	89	0.006744958649892184	0.004828344696591908	0.10667376822595344	0.010182219220269649	0.7281359300079132	0.010182219220269649	0.0
1.1	90	0.006744958649892184	0.004828344696591908	0.10667376822595344	0.010182219220269649	0.7281359300079132	0.010182219220269649	0.0
1.1	91	0.006744958649892184	0.004828344696591908	0.10667376822595344	0.010182219220269649	0.7281359300079132	0.010182219220269649	0.0
1.1	92	0.006744958649892184	0.004828344696591908	0.10667376822595344	0.010182219220269649	0.7281359300079132	0.010182219220269649	0.0
1.1	93	0.006744958649892184	0.004828344696591908	0.10667376822595344	0.010182219220269649	0.7281359300079132	0.010182219220269649	0.0
1.1	94	0.006744958649892184	0.004828344696591908	0.10667376822595344	0.010182219220269649	0.7281359300079132	0.010182219220269649	0.0
1.1	95	0.4140002651096467	0.4667230188443957	0.11125238020427049	0.41485788473685237	0.7796012871272171	0.4148578847368523	0.0
1.1	96	0.006744958649892184	0.004828344696591908	0.10667376822595344	0.010182219220269649	0.7281359300079132	0.010182219220269649	0.0
